843
797
604
578
32
683
802
660
589
665
413
48
547
597
777
226
657
489
771
660
460
161
784
719
847
702
314
684
286
232
884
525
129
884
499
458
666
401
514
354
462
26
699
108
19
873
632
676
758
502
733
317
60
616
136
6
714
747
690
396
78
673
21
207
53
817
61
719
614
575
470
473
898
268
581
17
537
609
89
395
508
218
712
568
834
244
871
648
90
660
143
169
729
461
673
782
675
735
898
388
706
764
861
704
428
839
117
65
844
503
460
748
722
568
712
51
813
682
95
2
738
536
468
567
96
241
745
167
372
138
853
474
1
209
574
430
444
691
792
388
591
351
532
412
315
344
463
227
125
559
527
864
491
391
827
884
28
67
151
400
206
103
271
504
312
845
33
153
636
221
541
623
869
172
134
284
813
894
511
38
849
434
298
439
826
521
423
854
588
574
651
794
73
21
695
682
866
728
835
898
49
772
620
17
341
150
598
253
144
506
588
389
39
282
829
261
803
648
512
491
618
262
681
691
580
475
769
842
600
100
840
45
268
856
359
5
403
57
259
844
563
243
332
899
526
557
260
725
304
772
315
21
430
393
108
109
868
274
50
864
374
286
8
38
539
665
44
41
722
600
281
681
843
613
679
765
270
335
590
871
206
301
893
32
694
397
141
662
671
489
21
441
171
30
480
710
695
821
147
813
